function [xc,yc,tChick] = setChickens(L);
	
	
	x1 = [0.19224;0.16446;0.19252;0.19661;0.17289;0.18004;0.22706]*L;
	y1 = [0.26051;0.32025;0.34634;0.2741;0.25232;0.30932;0.30291]*L;

	x2 = [0.7946;0.82187;0.8367]*L;
	y2 = [0.25605;0.26985;0.32818]*L;

	xc = [x1;x2];  yc = [y1;y2];
	
	tChick = 0.5;